[xtUMLBackground.png]
filters=fill=1,0.074766;finetune2=1,0.649123,0.000000,0.000000,00000000,0.000000;
moddate=0000a91a47d00000
width=1452
height=976
textactive=0
